[gd_scene load_steps=48 format=3 uid="uid://cvfh0b1xbe4rg"]

[ext_resource type="Script" uid="uid://chq84dqg47e4f" path="res://Scripts/Player/player.gd" id="1_aencf"]
[ext_resource type="Animation" uid="uid://dbvcxdaf873kc" path="res://Animations/Magic/WalkForward.res" id="4_dxcao"]
[ext_resource type="Animation" uid="uid://dxxxnvktu5v2m" path="res://Animations/Magic/Idle.res" id="6_1mdwi"]
[ext_resource type="ArrayMesh" uid="uid://in25mr1guj13" path="res://Resources/Models/Character/Beta_Surface.res" id="6_dxcao"]
[ext_resource type="ArrayMesh" uid="uid://x8bxer6i3q4v" path="res://Resources/Models/Character/Beta_Joints.res" id="7_1mdwi"]
[ext_resource type="Animation" uid="uid://bmjjeu3fxiqkq" path="res://Animations/Magic/2H.res" id="7_8gg06"]
[ext_resource type="Animation" uid="uid://cl1giibs57bgd" path="res://Animations/Locomotion/Character/Idle.res" id="7_sdxbo"]
[ext_resource type="Animation" uid="uid://ba8umd0tf26li" path="res://Animations/Locomotion/Character/Idle_to_Backwards.res" id="8_p06rw"]
[ext_resource type="Animation" uid="uid://b8ypnfgr8g2o1" path="res://Animations/Locomotion/Character/Idle_to_Walk.res" id="9_aencf"]
[ext_resource type="Animation" uid="uid://6s8dk0vsw0sp" path="res://Animations/Locomotion/Character/Walk_Forward.res" id="10_rtkie"]
[ext_resource type="Animation" uid="uid://dmeohffv4fuhb" path="res://Animations/Locomotion/Character/Walk_to_Idle.res" id="11_c5nky"]
[ext_resource type="Animation" uid="uid://mpif311widlx" path="res://Animations/Locomotion/Character/Walk_Forward_L90.res" id="12_p06rw"]
[ext_resource type="Animation" uid="uid://dpgsybgp63rfw" path="res://Animations/Locomotion/Character/Walk_Forward_R90.res" id="13_aencf"]
[ext_resource type="Script" uid="uid://bdshrqgd6q1hj" path="res://Scripts/Player/animation_tree.gd" id="14_aencf"]
[ext_resource type="Animation" uid="uid://b06vhedbj06xw" path="res://Animations/Locomotion/Character/Right_Turn.res" id="14_rtkie"]
[ext_resource type="Animation" uid="uid://sfibmx7c0fdh" path="res://Animations/Locomotion/Character/Left_Turn.res" id="15_c5nky"]

[sub_resource type="CapsuleShape3D" id="CapsuleShape3D_apwl4"]

[sub_resource type="Skin" id="Skin_8gg06"]
resource_name = "Skin2"
bind_count = 65
bind/0/name = &"mixamorig_Hips"
bind/0/bone = -1
bind/0/pose = Transform3D(1, 5.010232e-07, -4.1956063e-26, -5.009814e-07, 0.99991655, 0.012916455, 6.4714434e-09, -0.012916455, 0.99991655, -4.4516838e-07, -1.0428625, -0.0020732444)
bind/1/name = &"mixamorig_Spine"
bind/1/bone = -1
bind/1/pose = Transform3D(1, 6.0109975e-09, 3.3377134e-08, -1.0381682e-09, 0.98913175, -0.14703181, -3.3898193e-08, 0.14703181, 0.98913175, 1.2084662e-07, -1.1296464, -0.18496254)
bind/2/name = &"mixamorig_Spine1"
bind/2/bone = -1
bind/2/pose = Transform3D(1, 6.0109975e-09, 3.3377134e-08, -1.0381682e-09, 0.98913175, -0.14703181, -3.3898193e-08, 0.14703181, 0.98913175, 1.2084662e-07, -1.2296733, -0.18496254)
bind/3/name = &"mixamorig_Spine2"
bind/3/bone = -1
bind/3/pose = Transform3D(1, -6.72384e-08, 4.4265462e-08, 7.21183e-08, 0.99259216, -0.12149394, -3.5768494e-08, 0.12149394, 0.99259216, 2.1881253e-07, -1.3272212, -0.15081133)
bind/4/name = &"mixamorig_Neck"
bind/4/bone = -1
bind/4/pose = Transform3D(1, -6.72384e-08, 4.4265462e-08, 7.21183e-08, 0.99259216, -0.12149394, -3.5768494e-08, 0.12149394, 0.99259216, 2.1880838e-07, -1.4958744, -0.15081133)
bind/5/name = &"mixamorig_Head"
bind/5/bone = -1
bind/5/pose = Transform3D(1, -6.72384e-08, 4.4265462e-08, 7.21183e-08, 0.99259216, -0.12149394, -3.5768494e-08, 0.12149394, 0.99259216, 2.1988406e-07, -1.5892936, -0.17922175)
bind/6/name = &"mixamorig_HeadTop_End"
bind/6/bone = -1
bind/6/pose = Transform3D(1, -6.72384e-08, 4.4265462e-08, 7.21183e-08, 0.99259216, -0.12149394, -3.5768494e-08, 0.12149394, 0.99259216, 2.1002708e-07, -1.7989215, -0.2804511)
bind/7/name = &"mixamorig_RightShoulder"
bind/7/bone = -1
bind/7/pose = Transform3D(-0.20569544, -0.010190959, 0.978563, -0.9773642, -0.04842246, -0.20594773, 0.049483232, -0.99877495, -5.411132e-16, 0.03778755, 0.018516725, 1.4463512)
bind/8/name = &"mixamorig_RightArm"
bind/8/bone = -1
bind/8/pose = Transform3D(1.459807e-07, 2.2863553e-30, 1, -1, 7.8606824e-08, 1.459807e-07, -7.8606824e-08, -1, 1.147508e-14, 0.055485018, -0.15162838, 1.4406129)
bind/9/name = &"mixamorig_RightForeArm"
bind/9/bone = -1
bind/9/pose = Transform3D(1.459807e-07, 0, 1, -1, 7.8606824e-08, 1.459807e-07, -7.8606824e-08, -1, 1.147508e-14, 0.0554851, -0.43004355, 1.4406129)
bind/10/name = &"mixamorig_RightHand"
bind/10/bone = -1
bind/10/pose = Transform3D(1.459807e-07, -1.5777218e-30, 1, -1, 7.8606824e-08, 1.459807e-07, -7.8606824e-08, -1, 1.147508e-14, 0.055484954, -0.71333194, 1.4406129)
bind/11/name = &"mixamorig_RightHandThumb1"
bind/11/bone = -1
bind/11/pose = Transform3D(0.39693913, 0.23120837, 0.8882466, -0.7675342, -0.44707188, 0.45936695, 0.50331956, -0.86410034, -2.1130997e-15, -0.011046716, 0.083764285, 1.602673)
bind/12/name = &"mixamorig_RightHandThumb2"
bind/12/bone = -1
bind/12/pose = Transform3D(0.38374606, 0.22086461, 0.8966369, -0.7771158, -0.44726813, 0.44276655, 0.4988286, -0.86670065, -2.5340608e-15, -0.006583224, 0.034614816, 1.6028708)
bind/13/name = &"mixamorig_RightHandThumb3"
bind/13/bone = -1
bind/13/pose = Transform3D(0.37374648, 0.21327196, 0.9026786, -0.78401315, -0.44738352, 0.43031543, 0.49561775, -0.86854076, 2.963416e-14, -0.0040237852, -0.0048113572, 1.6028721)
bind/14/name = &"mixamorig_RightHandThumb4"
bind/14/bone = -1
bind/14/pose = Transform3D(0.5537739, 0.048262835, 0.83126724, -0.73324835, -0.4447946, 0.5143001, 0.39456475, -0.8943313, -0.21092698, 0.37183797, 0.0059264638, 1.5594392)
bind/15/name = &"mixamorig_RightHandIndex1"
bind/15/bone = -1
bind/15/pose = Transform3D(0.00032838926, -7.249422e-09, 0.99999994, -0.99999994, 1.2904718e-06, 0.00032838926, -1.2904742e-06, -1, -6.8256445e-09, 0.033150684, -0.8044057, 1.4354333)
bind/16/name = &"mixamorig_RightHandIndex2"
bind/16/bone = -1
bind/16/pose = Transform3D(-0.00018289924, -6.5896173e-09, 1, -1, 1.2904774e-06, -0.00018289924, -1.2904762e-06, -1, -6.8256445e-09, 0.032720476, -0.8414225, 1.4354333)
bind/17/name = &"mixamorig_RightHandIndex3"
bind/17/bone = -1
bind/17/pose = Transform3D(-7.0552946e-06, -6.8165398e-09, 1, -1, 1.2905089e-06, -7.0552946e-06, -1.2905087e-06, -1, -6.8256445e-09, 0.032873448, -0.86991674, 1.4354333)
bind/18/name = &"mixamorig_RightHandIndex4"
bind/18/bone = -1
bind/18/pose = Transform3D(-0.00018116942, 0.0020053764, 0.999998, -1, 9.426936e-07, -0.00018117168, -1.306009e-06, -0.999998, 0.0020053762, 0.029838493, -0.89764386, 1.4354963)
bind/19/name = &"mixamorig_RightHandMiddle1"
bind/19/bone = -1
bind/19/pose = Transform3D(0.0010034658, -7.3024844e-09, 0.9999995, -0.9999995, 2.0349476e-06, 0.0010034658, -2.034954e-06, -1, -5.2604805e-09, 0.056296542, -0.8086037, 1.4406109)
bind/20/name = &"mixamorig_RightHandMiddle2"
bind/20/bone = -1
bind/20/pose = Transform3D(-0.00069627695, -3.8435872e-09, 0.99999976, -0.99999976, 2.0349576e-06, -0.00069627695, -2.0349544e-06, -1, -5.2604805e-09, 0.054859154, -0.8456982, 1.4406109)
bind/21/name = &"mixamorig_RightHandMiddle3"
bind/21/bone = -1
bind/21/pose = Transform3D(-5.259299e-05, -5.153456e-09, 1, -1, 2.034959e-06, -5.2592986e-05, -2.0349587e-06, -1, -5.2604805e-09, 0.055422492, -0.87516266, 1.4406109)
bind/22/name = &"mixamorig_RightHandMiddle4"
bind/22/bone = -1
bind/22/pose = Transform3D(-0.00038537823, 0.001857623, 0.9999982, -0.99999994, 1.4158916e-06, -0.0003853815, -2.1317826e-06, -0.9999983, 0.0018576223, 0.052445225, -0.90464646, 1.4407114)
bind/23/name = &"mixamorig_RightHandRing1"
bind/23/bone = -1
bind/23/pose = Transform3D(-0.00031180438, -7.1990987e-09, 0.99999994, -0.99999994, -6.065348e-08, -0.00031180438, 6.065572e-08, -1, -7.1801862e-09, 0.073885396, -0.8043907, 1.4401823)
bind/24/name = &"mixamorig_RightHandRing2"
bind/24/bone = -1
bind/24/pose = Transform3D(0.00013122578, -7.1722264e-09, 1, -1, -6.065925e-08, 0.00013122578, 6.065831e-08, -1, -7.1801862e-09, 0.07425673, -0.8381507, 1.4401823)
bind/25/name = &"mixamorig_RightHandRing3"
bind/25/bone = -1
bind/25/pose = Transform3D(0.00035683598, -7.158541e-09, 0.99999994, -0.99999994, -6.0659715e-08, 0.00035683598, 6.065716e-08, -1, -7.1801862e-09, 0.07445234, -0.86703074, 1.4401823)
bind/26/name = &"mixamorig_RightHandRing4"
bind/26/bone = -1
bind/26/pose = Transform3D(0.0019554074, 0.00029214265, 0.99999803, -0.9999981, 4.4076987e-07, 0.0019554072, 1.3048883e-07, -0.99999994, 0.00029214294, 0.07545969, -0.89329946, 1.4402039)
bind/27/name = &"mixamorig_RightHandPinky1"
bind/27/bone = -1
bind/27/pose = Transform3D(-0.0010408716, -7.1417854e-09, 0.99999946, -0.99999946, -9.262825e-06, -0.0010408716, 9.262828e-06, -1, 2.4996307e-09, 0.092721045, -0.79418224, 1.4357532)
bind/28/name = &"mixamorig_RightHandPinky2"
bind/28/bone = -1
bind/28/pose = Transform3D(-0.0027333319, -2.2818762e-08, 0.99999624, -0.99999624, -9.2628e-06, -0.0027333319, 9.262828e-06, -1, 2.4996307e-09, 0.09131586, -0.830338, 1.4357532)
bind/29/name = &"mixamorig_RightHandPinky3"
bind/29/bone = -1
bind/29/pose = Transform3D(-0.0017397788, -1.3615645e-08, 0.9999985, -0.9999985, -9.262818e-06, -0.0017397788, 9.262828e-06, -1, 2.4996307e-09, 0.09216166, -0.85124683, 1.4357532)
bind/30/name = &"mixamorig_RightHandPinky4"
bind/30/bone = -1
bind/30/pose = Transform3D(-0.0016572288, 0.0031389457, 0.9999937, -0.9999986, -9.004813e-06, -0.0016572087, 3.8028686e-06, -0.99999505, 0.0031389564, 0.087726474, -0.87239736, 1.4360355)
bind/31/name = &"mixamorig_LeftShoulder"
bind/31/bone = -1
bind/31/pose = Transform3D(-0.20570664, 0.010187678, -0.9785607, 0.9773628, -0.04840416, -0.20595875, -0.04946465, -0.9987759, -8.028235e-17, -0.03778098, 0.018485516, 1.4463499)
bind/32/name = &"mixamorig_LeftArm"
bind/32/bone = -1
bind/32/pose = Transform3D(8.237164e-07, -2.019484e-28, -1, 1, -1.1688845e-06, 8.237164e-07, -1.1688845e-06, -1, -9.628293e-13, -0.055485055, -0.1516263, 1.4406134)
bind/33/name = &"mixamorig_LeftForeArm"
bind/33/bone = -1
bind/33/pose = Transform3D(8.237164e-07, 4.038968e-28, -1, 1, -1.1688845e-06, 8.237164e-07, -1.1688845e-06, -1, -9.628293e-13, -0.055485055, -0.43004152, 1.4406134)
bind/34/name = &"mixamorig_LeftHand"
bind/34/bone = -1
bind/34/pose = Transform3D(8.237164e-07, 7.252346e-28, -1, 1, -1.1688845e-06, 8.237164e-07, -1.1688845e-06, -1, -9.628293e-13, -0.05548511, -0.71332985, 1.4406134)
bind/35/name = &"mixamorig_LeftHandThumb1"
bind/35/bone = -1
bind/35/pose = Transform3D(0.39562997, -0.23016958, -0.8891, 0.7685049, -0.44710073, 0.45771292, -0.5028689, -0.8643627, 1.4907177e-15, 0.010497097, 0.08302181, 1.6027014)
bind/36/name = &"mixamorig_LeftHandThumb2"
bind/36/bone = -1
bind/36/pose = Transform3D(0.3839804, -0.22101875, -0.8964986, 0.7769791, -0.4472284, 0.44304654, -0.49886122, -0.8666819, -2.7764195e-14, 0.006531696, 0.034664467, 1.6028758)
bind/37/name = &"mixamorig_LeftHandThumb3"
bind/37/bone = -1
bind/37/pose = Transform3D(0.37524694, -0.21429348, -0.90181375, 0.7831134, -0.4472151, 0.43212494, -0.4959063, -0.868376, 6.276085e-14, 0.0041661267, -0.004363703, 1.6028779)
bind/38/name = &"mixamorig_LeftHandThumb4"
bind/38/bone = -1
bind/38/pose = Transform3D(0.54876274, -0.03370657, -0.83529836, 0.7396977, -0.44595933, 0.503952, -0.38949558, -0.8944183, -0.21979319, -0.3877867, 0.0023601868, 1.5555581)
bind/39/name = &"mixamorig_LeftHandIndex1"
bind/39/bone = -1
bind/39/pose = Transform3D(-8.732932e-05, 1.0210569e-10, -1, 1, -2.5020365e-06, -8.732932e-05, -2.5020365e-06, -1, 1.16395456e-10, -0.03281557, -0.8044239, 1.4354341)
bind/40/name = &"mixamorig_LeftHandIndex2"
bind/40/bone = -1
bind/40/pose = Transform3D(0.00012286704, -4.2381326e-10, -1, 1, -3.1834793e-06, 0.00012286704, -3.1834793e-06, -1, 3.2668607e-11, -0.032992434, -0.84141606, 1.4354347)
bind/41/name = &"mixamorig_LeftHandIndex3"
bind/41/bone = -1
bind/41/pose = Transform3D(-9.6311705e-06, -2.0079743e-12, -1, 1, -3.85298e-06, -9.6311705e-06, -3.85298e-06, -1, 3.9116686e-11, -0.03287717, -0.8699195, 1.4354353)
bind/42/name = &"mixamorig_LeftHandIndex4"
bind/42/bone = -1
bind/42/pose = Transform3D(-3.577316e-05, -0.00075512636, -0.9999997, 1, -3.8840385e-06, -3.5770237e-05, -3.8570265e-06, -0.9999997, 0.00075512653, -0.03176976, -0.8976689, 1.4354596)
bind/43/name = &"mixamorig_LeftHandMiddle1"
bind/43/bone = -1
bind/43/pose = Transform3D(-6.2469095e-05, 7.3046964e-11, -1, 1, -1.9858317e-06, -6.2469095e-05, -1.9858317e-06, -1, 5.1006154e-11, -0.05543356, -0.8086662, 1.4406143)
bind/44/name = &"mixamorig_LeftHandMiddle2"
bind/44/bone = -1
bind/44/pose = Transform3D(-2.0076815e-05, -1.1136977e-11, -1, 1, -1.658664e-06, -2.0076815e-05, -1.658664e-06, -1, 4.443767e-11, -0.055469412, -0.8456643, 1.4406141)
bind/45/name = &"mixamorig_LeftHandMiddle3"
bind/45/bone = -1
bind/45/pose = Transform3D(2.1302189e-05, -7.977084e-11, -1, 1, -8.034842e-07, 2.1302189e-05, -8.034842e-07, -1, 6.2654874e-11, -0.055505626, -0.87516326, 1.4406133)
bind/46/name = &"mixamorig_LeftHandMiddle4"
bind/46/bone = -1
bind/46/pose = Transform3D(7.727004e-05, -0.0020482806, -0.9999979, 1, -6.926447e-07, 7.7271616e-05, -8.5091716e-07, -0.9999979, 0.0020482803, -0.052605364, -0.90468895, 1.440724)
bind/47/name = &"mixamorig_LeftHandRing1"
bind/47/bone = -1
bind/47/pose = Transform3D(1.3450271e-05, -1.5694016e-11, -1, 1, -2.4186838e-06, 1.3450271e-05, -2.4186838e-06, -1, -1.6837936e-11, -0.07414608, -0.80437243, 1.4401841)
bind/48/name = &"mixamorig_LeftHandRing2"
bind/48/bone = -1
bind/48/pose = Transform3D(1.3450271e-05, -1.5694016e-11, -1, 1, -2.4186838e-06, 1.3450271e-05, -2.4186838e-06, -1, -1.6837936e-11, -0.07414608, -0.8358724, 1.4401841)
bind/49/name = &"mixamorig_LeftHandRing3"
bind/49/bone = -1
bind/49/pose = Transform3D(1.3450271e-05, -1.5694016e-11, -1, 1, -2.4186838e-06, 1.3450271e-05, -2.4186838e-06, -1, -1.6837936e-11, -0.07414611, -0.8653724, 1.4401841)
bind/50/name = &"mixamorig_LeftHandRing4"
bind/50/bone = -1
bind/50/pose = Transform3D(4.5546425e-05, 0.0009868745, -0.9999995, 1, -1.8881815e-06, 4.5544584e-05, -1.8432338e-06, -0.9999995, -0.0009868746, -0.07559574, -0.891814, 1.4401097)
bind/51/name = &"mixamorig_LeftHandPinky1"
bind/51/bone = -1
bind/51/pose = Transform3D(0.00409042, 3.5922938e-08, -0.99999166, 0.99999166, 8.782139e-06, 0.00409042, 8.782212e-06, -1, -2.831253e-16, -0.0967946, -0.79373276, 1.4357367)
bind/52/name = &"mixamorig_LeftHandPinky2"
bind/52/bone = -1
bind/52/pose = Transform3D(0.0036691031, 3.2222843e-08, -0.99999326, 0.99999326, 7.5250596e-06, 0.0036691031, 7.5251273e-06, -1, -4.6124056e-09, -0.09644501, -0.82977164, 1.4357377)
bind/53/name = &"mixamorig_LeftHandPinky3"
bind/53/bone = -1
bind/53/pose = Transform3D(0.0035349398, 3.1213247e-08, -0.99999374, 0.99999374, 7.313853e-06, 0.0035349398, 7.3139176e-06, -1, -5.359023e-09, -0.096330866, -0.85078424, 1.4357378)
bind/54/name = &"mixamorig_LeftHandPinky4"
bind/54/bone = -1
bind/54/pose = Transform3D(0.0029441786, -0.00156677, -0.99999446, 0.99999565, 6.410367e-06, 0.0029441721, 1.7974905e-06, -0.99999875, 0.001566782, -0.093566045, -0.87209505, 1.4358871)
bind/55/name = &"mixamorig_RightUpLeg"
bind/55/bone = -1
bind/55/pose = Transform3D(-1, 2.1266757e-08, 6.7466974e-09, -2.1213511e-08, -0.9999696, 0.007796428, 6.912297e-09, 0.007796428, 0.9999696, -0.082077965, 0.9752059, -0.0071508996)
bind/56/name = &"mixamorig_RightLeg"
bind/56/bone = -1
bind/56/pose = Transform3D(-1, -2.1592832e-08, 7.0808595e-09, 2.1058346e-08, -0.9976613, -0.06835135, 8.540199e-09, -0.06835135, 0.9976613, -0.08207794, 0.5304933, 0.033330936)
bind/57/name = &"mixamorig_RightFoot"
bind/57/bone = -1
bind/57/pose = Transform3D(-1, 2.0652517e-07, -9.1875954e-08, -2.0169067e-07, -0.6317402, 0.77518016, 1.0205248e-07, 0.77518016, 0.6317402, -0.082077965, 0.07640914, -0.050341018)
bind/58/name = &"mixamorig_RightToeBase"
bind/58/bone = -1
bind/58/pose = Transform3D(-1, 2.8116582e-07, -3.0159083e-07, -3.0161132e-07, -7.292844e-05, 1, 2.8114383e-07, 1, 7.292844e-05, -0.08207794, -0.07967722, -1.3190844e-05)
bind/59/name = &"mixamorig_RightToe_End"
bind/59/bone = -1
bind/59/pose = Transform3D(-0.9997305, -0.02321429, -1.9945119e-06, -3.0161132e-07, -7.292844e-05, 1, -0.02321429, 0.9997305, 7.290178e-05, -0.08205552, -0.17245843, -0.0019185917)
bind/60/name = &"mixamorig_LeftUpLeg"
bind/60/bone = -1
bind/60/pose = Transform3D(-1, 4.2750763e-08, 7.0242177e-09, -4.269453e-08, -0.9999694, 0.007819396, 7.358288e-09, 0.007819396, 0.9999694, 0.082077794, 0.9752054, -0.007173343)
bind/61/name = &"mixamorig_LeftLeg"
bind/61/bone = -1
bind/61/pose = Transform3D(-1, -1.347137e-10, 7.3595667e-09, -3.6877887e-10, -0.99766, -0.06837051, 7.3515554e-09, -0.06837051, 0.99766, 0.082077816, 0.53049386, 0.03333095)
bind/62/name = &"mixamorig_LeftFoot"
bind/62/bone = -1
bind/62/pose = Transform3D(-1, 2.1396026e-07, -8.5511665e-08, -2.0145424e-07, -0.63174015, 0.7751802, 1.11836606e-07, 0.7751802, 0.63174015, 0.082077794, 0.07640836, -0.05034269)
bind/63/name = &"mixamorig_LeftToeBase"
bind/63/bone = -1
bind/63/pose = Transform3D(-1, 2.9076023e-07, -3.012935e-07, -3.013147e-07, -7.293177e-05, 1, 2.9073826e-07, 1, 7.293177e-05, 0.082077816, -0.07967884, -1.4013463e-05)
bind/64/name = &"mixamorig_LeftToe_End"
bind/64/bone = -1
bind/64/pose = Transform3D(-0.99971825, 0.02373695, 1.4299479e-06, -3.013147e-07, -7.293177e-05, 1, 0.02373695, 0.99971825, 7.2918374e-05, 0.082054354, -0.17246021, -0.0019622627)

[sub_resource type="Skin" id="Skin_cscr0"]
resource_name = "Skin"
bind_count = 64
bind/0/name = &"mixamorig_Hips"
bind/0/bone = -1
bind/0/pose = Transform3D(1, 5.010232e-07, -4.1956063e-26, -5.009814e-07, 0.99991655, 0.012916455, 6.4714434e-09, -0.012916455, 0.99991655, -4.4516838e-07, -1.0428625, -0.0020732444)
bind/1/name = &"mixamorig_Spine"
bind/1/bone = -1
bind/1/pose = Transform3D(1, 6.0109975e-09, 3.3377134e-08, -1.0381682e-09, 0.98913175, -0.14703181, -3.3898193e-08, 0.14703181, 0.98913175, 1.2084662e-07, -1.1296464, -0.18496254)
bind/2/name = &"mixamorig_Spine1"
bind/2/bone = -1
bind/2/pose = Transform3D(1, 6.0109975e-09, 3.3377134e-08, -1.0381682e-09, 0.98913175, -0.14703181, -3.3898193e-08, 0.14703181, 0.98913175, 1.2084662e-07, -1.2296733, -0.18496254)
bind/3/name = &"mixamorig_Spine2"
bind/3/bone = -1
bind/3/pose = Transform3D(1, -6.72384e-08, 4.4265462e-08, 7.21183e-08, 0.99259216, -0.12149394, -3.5768494e-08, 0.12149394, 0.99259216, 2.1881253e-07, -1.3272212, -0.15081133)
bind/4/name = &"mixamorig_Neck"
bind/4/bone = -1
bind/4/pose = Transform3D(1, -6.72384e-08, 4.4265462e-08, 7.21183e-08, 0.99259216, -0.12149394, -3.5768494e-08, 0.12149394, 0.99259216, 2.1880838e-07, -1.4958744, -0.15081133)
bind/5/name = &"mixamorig_Head"
bind/5/bone = -1
bind/5/pose = Transform3D(1, -6.72384e-08, 4.4265462e-08, 7.21183e-08, 0.99259216, -0.12149394, -3.5768494e-08, 0.12149394, 0.99259216, 2.1988406e-07, -1.5892936, -0.17922175)
bind/6/name = &"mixamorig_RightShoulder"
bind/6/bone = -1
bind/6/pose = Transform3D(-0.20569544, -0.010190959, 0.978563, -0.9773642, -0.04842246, -0.20594773, 0.049483232, -0.99877495, -5.411132e-16, 0.03778755, 0.018516725, 1.4463512)
bind/7/name = &"mixamorig_RightArm"
bind/7/bone = -1
bind/7/pose = Transform3D(1.459807e-07, 2.2863553e-30, 1, -1, 7.8606824e-08, 1.459807e-07, -7.8606824e-08, -1, 1.147508e-14, 0.055485018, -0.15162838, 1.4406129)
bind/8/name = &"mixamorig_RightForeArm"
bind/8/bone = -1
bind/8/pose = Transform3D(1.459807e-07, 0, 1, -1, 7.8606824e-08, 1.459807e-07, -7.8606824e-08, -1, 1.147508e-14, 0.0554851, -0.43004355, 1.4406129)
bind/9/name = &"mixamorig_RightHand"
bind/9/bone = -1
bind/9/pose = Transform3D(1.459807e-07, -1.5777218e-30, 1, -1, 7.8606824e-08, 1.459807e-07, -7.8606824e-08, -1, 1.147508e-14, 0.055484954, -0.71333194, 1.4406129)
bind/10/name = &"mixamorig_RightHandThumb1"
bind/10/bone = -1
bind/10/pose = Transform3D(0.39693913, 0.23120837, 0.8882466, -0.7675342, -0.44707188, 0.45936695, 0.50331956, -0.86410034, -2.1130997e-15, -0.011046716, 0.083764285, 1.602673)
bind/11/name = &"mixamorig_RightHandThumb2"
bind/11/bone = -1
bind/11/pose = Transform3D(0.38374606, 0.22086461, 0.8966369, -0.7771158, -0.44726813, 0.44276655, 0.4988286, -0.86670065, -2.5340608e-15, -0.006583224, 0.034614816, 1.6028708)
bind/12/name = &"mixamorig_RightHandThumb3"
bind/12/bone = -1
bind/12/pose = Transform3D(0.37374648, 0.21327196, 0.9026786, -0.78401315, -0.44738352, 0.43031543, 0.49561775, -0.86854076, 2.963416e-14, -0.0040237852, -0.0048113572, 1.6028721)
bind/13/name = &"mixamorig_RightHandThumb4"
bind/13/bone = -1
bind/13/pose = Transform3D(0.5537739, 0.048262835, 0.83126724, -0.73324835, -0.4447946, 0.5143001, 0.39456475, -0.8943313, -0.21092698, 0.37183797, 0.0059264638, 1.5594392)
bind/14/name = &"mixamorig_RightHandIndex1"
bind/14/bone = -1
bind/14/pose = Transform3D(0.00032838926, -7.249422e-09, 0.99999994, -0.99999994, 1.2904718e-06, 0.00032838926, -1.2904742e-06, -1, -6.8256445e-09, 0.033150684, -0.8044057, 1.4354333)
bind/15/name = &"mixamorig_RightHandIndex2"
bind/15/bone = -1
bind/15/pose = Transform3D(-0.00018289924, -6.5896173e-09, 1, -1, 1.2904774e-06, -0.00018289924, -1.2904762e-06, -1, -6.8256445e-09, 0.032720476, -0.8414225, 1.4354333)
bind/16/name = &"mixamorig_RightHandIndex3"
bind/16/bone = -1
bind/16/pose = Transform3D(-7.0552946e-06, -6.8165398e-09, 1, -1, 1.2905089e-06, -7.0552946e-06, -1.2905087e-06, -1, -6.8256445e-09, 0.032873448, -0.86991674, 1.4354333)
bind/17/name = &"mixamorig_RightHandIndex4"
bind/17/bone = -1
bind/17/pose = Transform3D(-0.00018116942, 0.0020053764, 0.999998, -1, 9.426936e-07, -0.00018117168, -1.306009e-06, -0.999998, 0.0020053762, 0.029838493, -0.89764386, 1.4354963)
bind/18/name = &"mixamorig_RightHandMiddle1"
bind/18/bone = -1
bind/18/pose = Transform3D(0.0010034658, -7.3024844e-09, 0.9999995, -0.9999995, 2.0349476e-06, 0.0010034658, -2.034954e-06, -1, -5.2604805e-09, 0.056296542, -0.8086037, 1.4406109)
bind/19/name = &"mixamorig_RightHandMiddle2"
bind/19/bone = -1
bind/19/pose = Transform3D(-0.00069627695, -3.8435872e-09, 0.99999976, -0.99999976, 2.0349576e-06, -0.00069627695, -2.0349544e-06, -1, -5.2604805e-09, 0.054859154, -0.8456982, 1.4406109)
bind/20/name = &"mixamorig_RightHandMiddle3"
bind/20/bone = -1
bind/20/pose = Transform3D(-5.259299e-05, -5.153456e-09, 1, -1, 2.034959e-06, -5.2592986e-05, -2.0349587e-06, -1, -5.2604805e-09, 0.055422492, -0.87516266, 1.4406109)
bind/21/name = &"mixamorig_RightHandMiddle4"
bind/21/bone = -1
bind/21/pose = Transform3D(-0.00038537823, 0.001857623, 0.9999982, -0.99999994, 1.4158916e-06, -0.0003853815, -2.1317826e-06, -0.9999983, 0.0018576223, 0.052445225, -0.90464646, 1.4407114)
bind/22/name = &"mixamorig_RightHandRing1"
bind/22/bone = -1
bind/22/pose = Transform3D(-0.00031180438, -7.1990987e-09, 0.99999994, -0.99999994, -6.065348e-08, -0.00031180438, 6.065572e-08, -1, -7.1801862e-09, 0.073885396, -0.8043907, 1.4401823)
bind/23/name = &"mixamorig_RightHandRing2"
bind/23/bone = -1
bind/23/pose = Transform3D(0.00013122578, -7.1722264e-09, 1, -1, -6.065925e-08, 0.00013122578, 6.065831e-08, -1, -7.1801862e-09, 0.07425673, -0.8381507, 1.4401823)
bind/24/name = &"mixamorig_RightHandRing3"
bind/24/bone = -1
bind/24/pose = Transform3D(0.00035683598, -7.158541e-09, 0.99999994, -0.99999994, -6.0659715e-08, 0.00035683598, 6.065716e-08, -1, -7.1801862e-09, 0.07445234, -0.86703074, 1.4401823)
bind/25/name = &"mixamorig_RightHandRing4"
bind/25/bone = -1
bind/25/pose = Transform3D(0.0019554074, 0.00029214265, 0.99999803, -0.9999981, 4.4076987e-07, 0.0019554072, 1.3048883e-07, -0.99999994, 0.00029214294, 0.07545969, -0.89329946, 1.4402039)
bind/26/name = &"mixamorig_RightHandPinky1"
bind/26/bone = -1
bind/26/pose = Transform3D(-0.0010408716, -7.1417854e-09, 0.99999946, -0.99999946, -9.262825e-06, -0.0010408716, 9.262828e-06, -1, 2.4996307e-09, 0.092721045, -0.79418224, 1.4357532)
bind/27/name = &"mixamorig_RightHandPinky2"
bind/27/bone = -1
bind/27/pose = Transform3D(-0.0027333319, -2.2818762e-08, 0.99999624, -0.99999624, -9.2628e-06, -0.0027333319, 9.262828e-06, -1, 2.4996307e-09, 0.09131586, -0.830338, 1.4357532)
bind/28/name = &"mixamorig_RightHandPinky3"
bind/28/bone = -1
bind/28/pose = Transform3D(-0.0017397788, -1.3615645e-08, 0.9999985, -0.9999985, -9.262818e-06, -0.0017397788, 9.262828e-06, -1, 2.4996307e-09, 0.09216166, -0.85124683, 1.4357532)
bind/29/name = &"mixamorig_RightHandPinky4"
bind/29/bone = -1
bind/29/pose = Transform3D(-0.0016572288, 0.0031389457, 0.9999937, -0.9999986, -9.004813e-06, -0.0016572087, 3.8028686e-06, -0.99999505, 0.0031389564, 0.087726474, -0.87239736, 1.4360355)
bind/30/name = &"mixamorig_LeftShoulder"
bind/30/bone = -1
bind/30/pose = Transform3D(-0.20570664, 0.010187678, -0.9785607, 0.9773628, -0.04840416, -0.20595875, -0.04946465, -0.9987759, -8.028235e-17, -0.03778098, 0.018485516, 1.4463499)
bind/31/name = &"mixamorig_LeftArm"
bind/31/bone = -1
bind/31/pose = Transform3D(8.237164e-07, -2.019484e-28, -1, 1, -1.1688845e-06, 8.237164e-07, -1.1688845e-06, -1, -9.628293e-13, -0.055485055, -0.1516263, 1.4406134)
bind/32/name = &"mixamorig_LeftForeArm"
bind/32/bone = -1
bind/32/pose = Transform3D(8.237164e-07, 4.038968e-28, -1, 1, -1.1688845e-06, 8.237164e-07, -1.1688845e-06, -1, -9.628293e-13, -0.055485055, -0.43004152, 1.4406134)
bind/33/name = &"mixamorig_LeftHand"
bind/33/bone = -1
bind/33/pose = Transform3D(8.237164e-07, 7.252346e-28, -1, 1, -1.1688845e-06, 8.237164e-07, -1.1688845e-06, -1, -9.628293e-13, -0.05548511, -0.71332985, 1.4406134)
bind/34/name = &"mixamorig_LeftHandThumb1"
bind/34/bone = -1
bind/34/pose = Transform3D(0.39562997, -0.23016958, -0.8891, 0.7685049, -0.44710073, 0.45771292, -0.5028689, -0.8643627, 1.4907177e-15, 0.010497097, 0.08302181, 1.6027014)
bind/35/name = &"mixamorig_LeftHandThumb2"
bind/35/bone = -1
bind/35/pose = Transform3D(0.3839804, -0.22101875, -0.8964986, 0.7769791, -0.4472284, 0.44304654, -0.49886122, -0.8666819, -2.7764195e-14, 0.006531696, 0.034664467, 1.6028758)
bind/36/name = &"mixamorig_LeftHandThumb3"
bind/36/bone = -1
bind/36/pose = Transform3D(0.37524694, -0.21429348, -0.90181375, 0.7831134, -0.4472151, 0.43212494, -0.4959063, -0.868376, 6.276085e-14, 0.0041661267, -0.004363703, 1.6028779)
bind/37/name = &"mixamorig_LeftHandThumb4"
bind/37/bone = -1
bind/37/pose = Transform3D(0.54876274, -0.03370657, -0.83529836, 0.7396977, -0.44595933, 0.503952, -0.38949558, -0.8944183, -0.21979319, -0.3877867, 0.0023601868, 1.5555581)
bind/38/name = &"mixamorig_LeftHandIndex1"
bind/38/bone = -1
bind/38/pose = Transform3D(-8.732932e-05, 1.0210569e-10, -1, 1, -2.5020365e-06, -8.732932e-05, -2.5020365e-06, -1, 1.16395456e-10, -0.03281557, -0.8044239, 1.4354341)
bind/39/name = &"mixamorig_LeftHandIndex2"
bind/39/bone = -1
bind/39/pose = Transform3D(0.00012286704, -4.2381326e-10, -1, 1, -3.1834793e-06, 0.00012286704, -3.1834793e-06, -1, 3.2668607e-11, -0.032992434, -0.84141606, 1.4354347)
bind/40/name = &"mixamorig_LeftHandIndex3"
bind/40/bone = -1
bind/40/pose = Transform3D(-9.6311705e-06, -2.0079743e-12, -1, 1, -3.85298e-06, -9.6311705e-06, -3.85298e-06, -1, 3.9116686e-11, -0.03287717, -0.8699195, 1.4354353)
bind/41/name = &"mixamorig_LeftHandIndex4"
bind/41/bone = -1
bind/41/pose = Transform3D(-3.577316e-05, -0.00075512636, -0.9999997, 1, -3.8840385e-06, -3.5770237e-05, -3.8570265e-06, -0.9999997, 0.00075512653, -0.03176976, -0.8976689, 1.4354596)
bind/42/name = &"mixamorig_LeftHandMiddle1"
bind/42/bone = -1
bind/42/pose = Transform3D(-6.2469095e-05, 7.3046964e-11, -1, 1, -1.9858317e-06, -6.2469095e-05, -1.9858317e-06, -1, 5.1006154e-11, -0.05543356, -0.8086662, 1.4406143)
bind/43/name = &"mixamorig_LeftHandMiddle2"
bind/43/bone = -1
bind/43/pose = Transform3D(-2.0076815e-05, -1.1136977e-11, -1, 1, -1.658664e-06, -2.0076815e-05, -1.658664e-06, -1, 4.443767e-11, -0.055469412, -0.8456643, 1.4406141)
bind/44/name = &"mixamorig_LeftHandMiddle3"
bind/44/bone = -1
bind/44/pose = Transform3D(2.1302189e-05, -7.977084e-11, -1, 1, -8.034842e-07, 2.1302189e-05, -8.034842e-07, -1, 6.2654874e-11, -0.055505626, -0.87516326, 1.4406133)
bind/45/name = &"mixamorig_LeftHandMiddle4"
bind/45/bone = -1
bind/45/pose = Transform3D(7.727004e-05, -0.0020482806, -0.9999979, 1, -6.926447e-07, 7.7271616e-05, -8.5091716e-07, -0.9999979, 0.0020482803, -0.052605364, -0.90468895, 1.440724)
bind/46/name = &"mixamorig_LeftHandRing1"
bind/46/bone = -1
bind/46/pose = Transform3D(1.3450271e-05, -1.5694016e-11, -1, 1, -2.4186838e-06, 1.3450271e-05, -2.4186838e-06, -1, -1.6837936e-11, -0.07414608, -0.80437243, 1.4401841)
bind/47/name = &"mixamorig_LeftHandRing2"
bind/47/bone = -1
bind/47/pose = Transform3D(1.3450271e-05, -1.5694016e-11, -1, 1, -2.4186838e-06, 1.3450271e-05, -2.4186838e-06, -1, -1.6837936e-11, -0.07414608, -0.8358724, 1.4401841)
bind/48/name = &"mixamorig_LeftHandRing3"
bind/48/bone = -1
bind/48/pose = Transform3D(1.3450271e-05, -1.5694016e-11, -1, 1, -2.4186838e-06, 1.3450271e-05, -2.4186838e-06, -1, -1.6837936e-11, -0.07414611, -0.8653724, 1.4401841)
bind/49/name = &"mixamorig_LeftHandRing4"
bind/49/bone = -1
bind/49/pose = Transform3D(4.5546425e-05, 0.0009868745, -0.9999995, 1, -1.8881815e-06, 4.5544584e-05, -1.8432338e-06, -0.9999995, -0.0009868746, -0.07559574, -0.891814, 1.4401097)
bind/50/name = &"mixamorig_LeftHandPinky1"
bind/50/bone = -1
bind/50/pose = Transform3D(0.00409042, 3.5922938e-08, -0.99999166, 0.99999166, 8.782139e-06, 0.00409042, 8.782212e-06, -1, -2.831253e-16, -0.0967946, -0.79373276, 1.4357367)
bind/51/name = &"mixamorig_LeftHandPinky2"
bind/51/bone = -1
bind/51/pose = Transform3D(0.0036691031, 3.2222843e-08, -0.99999326, 0.99999326, 7.5250596e-06, 0.0036691031, 7.5251273e-06, -1, -4.6124056e-09, -0.09644501, -0.82977164, 1.4357377)
bind/52/name = &"mixamorig_LeftHandPinky3"
bind/52/bone = -1
bind/52/pose = Transform3D(0.0035349398, 3.1213247e-08, -0.99999374, 0.99999374, 7.313853e-06, 0.0035349398, 7.3139176e-06, -1, -5.359023e-09, -0.096330866, -0.85078424, 1.4357378)
bind/53/name = &"mixamorig_LeftHandPinky4"
bind/53/bone = -1
bind/53/pose = Transform3D(0.0029441786, -0.00156677, -0.99999446, 0.99999565, 6.410367e-06, 0.0029441721, 1.7974905e-06, -0.99999875, 0.001566782, -0.093566045, -0.87209505, 1.4358871)
bind/54/name = &"mixamorig_RightUpLeg"
bind/54/bone = -1
bind/54/pose = Transform3D(-1, 2.1266757e-08, 6.7466974e-09, -2.1213511e-08, -0.9999696, 0.007796428, 6.912297e-09, 0.007796428, 0.9999696, -0.082077965, 0.9752059, -0.0071508996)
bind/55/name = &"mixamorig_RightLeg"
bind/55/bone = -1
bind/55/pose = Transform3D(-1, -2.1592832e-08, 7.0808595e-09, 2.1058346e-08, -0.9976613, -0.06835135, 8.540199e-09, -0.06835135, 0.9976613, -0.08207794, 0.5304933, 0.033330936)
bind/56/name = &"mixamorig_RightFoot"
bind/56/bone = -1
bind/56/pose = Transform3D(-1, 2.0652517e-07, -9.1875954e-08, -2.0169067e-07, -0.6317402, 0.77518016, 1.0205248e-07, 0.77518016, 0.6317402, -0.082077965, 0.07640914, -0.050341018)
bind/57/name = &"mixamorig_RightToeBase"
bind/57/bone = -1
bind/57/pose = Transform3D(-1, 2.8116582e-07, -3.0159083e-07, -3.0161132e-07, -7.292844e-05, 1, 2.8114383e-07, 1, 7.292844e-05, -0.08207794, -0.07967722, -1.3190844e-05)
bind/58/name = &"mixamorig_RightToe_End"
bind/58/bone = -1
bind/58/pose = Transform3D(-0.9997305, -0.02321429, -1.9945119e-06, -3.0161132e-07, -7.292844e-05, 1, -0.02321429, 0.9997305, 7.290178e-05, -0.08205552, -0.17245843, -0.0019185917)
bind/59/name = &"mixamorig_LeftUpLeg"
bind/59/bone = -1
bind/59/pose = Transform3D(-1, 4.2750763e-08, 7.0242177e-09, -4.269453e-08, -0.9999694, 0.007819396, 7.358288e-09, 0.007819396, 0.9999694, 0.082077794, 0.9752054, -0.007173343)
bind/60/name = &"mixamorig_LeftLeg"
bind/60/bone = -1
bind/60/pose = Transform3D(-1, -1.347137e-10, 7.3595667e-09, -3.6877887e-10, -0.99766, -0.06837051, 7.3515554e-09, -0.06837051, 0.99766, 0.082077816, 0.53049386, 0.03333095)
bind/61/name = &"mixamorig_LeftFoot"
bind/61/bone = -1
bind/61/pose = Transform3D(-1, 2.1396026e-07, -8.5511665e-08, -2.0145424e-07, -0.63174015, 0.7751802, 1.11836606e-07, 0.7751802, 0.63174015, 0.082077794, 0.07640836, -0.05034269)
bind/62/name = &"mixamorig_LeftToeBase"
bind/62/bone = -1
bind/62/pose = Transform3D(-1, 2.9076023e-07, -3.012935e-07, -3.013147e-07, -7.293177e-05, 1, 2.9073826e-07, 1, 7.293177e-05, 0.082077816, -0.07967884, -1.4013463e-05)
bind/63/name = &"mixamorig_LeftToe_End"
bind/63/bone = -1
bind/63/pose = Transform3D(-0.99971825, 0.02373695, 1.4299479e-06, -3.013147e-07, -7.293177e-05, 1, 0.02373695, 0.99971825, 7.2918374e-05, 0.082054354, -0.17246021, -0.0019622627)

[sub_resource type="BoxMesh" id="BoxMesh_cp34o"]

[sub_resource type="AnimationLibrary" id="AnimationLibrary_71hgh"]

[sub_resource type="AnimationLibrary" id="AnimationLibrary_28js6"]
_data = {
&"2H": ExtResource("7_8gg06"),
&"Idle": ExtResource("6_1mdwi"),
&"WalkForward": ExtResource("4_dxcao")
}

[sub_resource type="AnimationLibrary" id="AnimationLibrary_dxcao"]
_data = {
&"Idle": ExtResource("7_sdxbo"),
&"Idle_to_Backwards": ExtResource("8_p06rw"),
&"Idle_to_Walk": ExtResource("9_aencf"),
&"Left_Turn": ExtResource("15_c5nky"),
&"Right_Turn": ExtResource("14_rtkie"),
&"Walk_Forward": ExtResource("10_rtkie"),
&"Walk_Forward_L90": ExtResource("12_p06rw"),
&"Walk_Forward_R90": ExtResource("13_aencf"),
&"Walk_to_Idle": ExtResource("11_c5nky")
}

[sub_resource type="AnimationNodeAnimation" id="AnimationNodeAnimation_aencf"]
animation = &"movement/Idle"

[sub_resource type="AnimationNodeAnimation" id="AnimationNodeAnimation_pr2lv"]
animation = &"movement/Idle_to_Backwards"

[sub_resource type="AnimationNodeAnimation" id="AnimationNodeAnimation_c5nky"]
animation = &"movement/Idle_to_Walk"

[sub_resource type="AnimationNodeAnimation" id="AnimationNodeAnimation_othne"]
animation = &"movement/Left_Turn"

[sub_resource type="AnimationNodeAnimation" id="AnimationNodeAnimation_7x37g"]
animation = &"movement/Right_Turn"

[sub_resource type="AnimationNodeAnimation" id="AnimationNodeAnimation_cvakg"]
animation = &"movement/Walk_Forward"

[sub_resource type="AnimationNodeAnimation" id="AnimationNodeAnimation_rtkie"]
animation = &"movement/Walk_Forward"

[sub_resource type="AnimationNodeAnimation" id="AnimationNodeAnimation_xcbxy"]
animation = &"movement/Walk_to_Idle"

[sub_resource type="AnimationNodeStateMachineTransition" id="AnimationNodeStateMachineTransition_7x37g"]
advance_mode = 2

[sub_resource type="AnimationNodeStateMachineTransition" id="AnimationNodeStateMachineTransition_aencf"]

[sub_resource type="AnimationNodeStateMachineTransition" id="AnimationNodeStateMachineTransition_roksr"]

[sub_resource type="AnimationNodeStateMachineTransition" id="AnimationNodeStateMachineTransition_qn1vu"]

[sub_resource type="AnimationNodeStateMachineTransition" id="AnimationNodeStateMachineTransition_61squ"]
switch_mode = 2
advance_mode = 2

[sub_resource type="AnimationNodeStateMachineTransition" id="AnimationNodeStateMachineTransition_pr2lv"]

[sub_resource type="AnimationNodeStateMachineTransition" id="AnimationNodeStateMachineTransition_cvakg"]
switch_mode = 2
advance_mode = 2

[sub_resource type="AnimationNodeStateMachineTransition" id="AnimationNodeStateMachineTransition_othne"]

[sub_resource type="AnimationNodeStateMachineTransition" id="AnimationNodeStateMachineTransition_a7o8c"]
switch_mode = 2
advance_mode = 2

[sub_resource type="AnimationNodeStateMachineTransition" id="AnimationNodeStateMachineTransition_23420"]

[sub_resource type="AnimationNodeStateMachineTransition" id="AnimationNodeStateMachineTransition_p6wb4"]

[sub_resource type="AnimationNodeStateMachineTransition" id="AnimationNodeStateMachineTransition_y3fvr"]

[sub_resource type="AnimationNodeStateMachineTransition" id="AnimationNodeStateMachineTransition_nafmd"]

[sub_resource type="AnimationNodeStateMachineTransition" id="AnimationNodeStateMachineTransition_46w32"]

[sub_resource type="AnimationNodeStateMachine" id="AnimationNodeStateMachine_28js6"]
states/End/position = Vector2(949, 188)
states/Start/position = Vector2(194, 44)
states/movement_Idle/node = SubResource("AnimationNodeAnimation_aencf")
states/movement_Idle/position = Vector2(194, 188)
states/movement_Idle_to_Backwards/node = SubResource("AnimationNodeAnimation_pr2lv")
states/movement_Idle_to_Backwards/position = Vector2(-58, 188)
states/movement_Idle_to_Walk/node = SubResource("AnimationNodeAnimation_c5nky")
states/movement_Idle_to_Walk/position = Vector2(435, 188)
states/movement_Left_Turn/node = SubResource("AnimationNodeAnimation_othne")
states/movement_Left_Turn/position = Vector2(329, 341)
states/movement_Right_Turn/node = SubResource("AnimationNodeAnimation_7x37g")
states/movement_Right_Turn/position = Vector2(87, 341)
states/movement_Walk_Backwards/node = SubResource("AnimationNodeAnimation_cvakg")
states/movement_Walk_Backwards/position = Vector2(-344, 188)
states/movement_Walk_Forward/node = SubResource("AnimationNodeAnimation_rtkie")
states/movement_Walk_Forward/position = Vector2(674, 188)
states/movement_Walk_to_Idle/node = SubResource("AnimationNodeAnimation_xcbxy")
states/movement_Walk_to_Idle/position = Vector2(435, 83)
transitions = ["Start", "movement_Idle", SubResource("AnimationNodeStateMachineTransition_7x37g"), "movement_Walk_Forward", "End", SubResource("AnimationNodeStateMachineTransition_aencf"), "movement_Idle", "movement_Right_Turn", SubResource("AnimationNodeStateMachineTransition_roksr"), "movement_Idle", "movement_Idle_to_Backwards", SubResource("AnimationNodeStateMachineTransition_qn1vu"), "movement_Idle_to_Backwards", "movement_Walk_Backwards", SubResource("AnimationNodeStateMachineTransition_61squ"), "movement_Idle", "movement_Idle_to_Walk", SubResource("AnimationNodeStateMachineTransition_pr2lv"), "movement_Idle_to_Walk", "movement_Walk_Forward", SubResource("AnimationNodeStateMachineTransition_cvakg"), "movement_Walk_Forward", "movement_Walk_to_Idle", SubResource("AnimationNodeStateMachineTransition_othne"), "movement_Walk_to_Idle", "movement_Idle", SubResource("AnimationNodeStateMachineTransition_a7o8c"), "movement_Right_Turn", "movement_Left_Turn", SubResource("AnimationNodeStateMachineTransition_23420"), "movement_Left_Turn", "movement_Idle", SubResource("AnimationNodeStateMachineTransition_p6wb4"), "movement_Idle", "movement_Left_Turn", SubResource("AnimationNodeStateMachineTransition_y3fvr"), "movement_Left_Turn", "movement_Right_Turn", SubResource("AnimationNodeStateMachineTransition_nafmd"), "movement_Right_Turn", "movement_Idle", SubResource("AnimationNodeStateMachineTransition_46w32")]
graph_offset = Vector2(-77, 55)

[sub_resource type="AnimationNodeBlendTree" id="AnimationNodeBlendTree_6ofcn"]
graph_offset = Vector2(-771.69354, -38.700325)
nodes/LowerStateMachine/node = SubResource("AnimationNodeStateMachine_28js6")
nodes/LowerStateMachine/position = Vector2(-480, 140)
node_connections = [&"output", 0, &"LowerStateMachine"]

[node name="Player" type="CharacterBody3D"]
transform = Transform3D(0.9992562, 0.038562216, 0, -0.038562216, 0.9992562, 0, 0, 0, 1, 0, 0, 0)
script = ExtResource("1_aencf")

[node name="Pivot" type="Node3D" parent="."]
transform = Transform3D(1, 0, 0, 0, 1, 0, 0, 0, 1, 0, 1.4131522, 0)

[node name="SpringArm3D" type="SpringArm3D" parent="Pivot"]
transform = Transform3D(-1, -9.526543e-09, 8.690217e-08, 0, 0.99404496, 0.108970955, -8.742278e-08, 0.108970955, -0.99404496, 0, 0.24191904, -1.069777)

[node name="Camera3D" type="Camera3D" parent="Pivot/SpringArm3D"]

[node name="CollisionShape3D" type="CollisionShape3D" parent="."]
transform = Transform3D(1, 0, 0, 0, 1, 0, 0, 0, 1, 0, 0.9748353, 0)
shape = SubResource("CapsuleShape3D_apwl4")

[node name="Skeleton3D" type="Skeleton3D" parent="."]
bones/0/name = "mixamorig_Hips"
bones/0/parent = -1
bones/0/rest = Transform3D(1, 0, 0, 0, 0.99991655, -0.012916823, 0, 0.012916823, 0.99991655, -7.727291e-08, 1.0427487, 0.015543158)
bones/0/enabled = true
bones/0/position = Vector3(-7.727291e-08, 1.0427487, 0.015543158)
bones/0/rotation = Quaternion(-0.029750612, 0.053100474, -0.018275814, 0.99797857)
